                LOC 0
000000  000144  TXTBASE:    DATA 100
000001  000000  CURRIX:     DATA 0
                
                LOC 10
000012  002000          LDR 0,0,TXTBASE
000013  004001          STR 0,0,CURRIX
000014  102101          LDX 1,CURRIX
                
000015  002100  PLOOP:  LDR 0,1,0
000016  020025          JZ 0,0,PROMPT
000017  144001          OUT 0,1
000020  002001          LDR 0,0,CURRIX
000021  014001          AIR 0,1
000022  004001          STR 0,0,CURRIX
000023  102101          LDX 1,CURRIX
000024  026015          JMA 0,PLOOP
                
000025  006012  PROMPT: LDA 0,0,10
000026  144001          OUT 0,1
000027  006012          LDA 0,0,10
000030  144001          OUT 0,1
000031  006037          LDA 0,0,31
000032  014037          AIR 0,31
000033  144001          OUT 0,1
000034  006037          LDA 0,0,31
000035  014001          AIR 0,1
000036  144001          OUT 0,1
000037  000000          HLT
                
                        LOC 100
000144  000101          DATA 65
000145  000156          DATA 110
000146  000040          DATA 32
000147  000157          DATA 111
000150  000162          DATA 114
000151  000141          DATA 97
000152  000156          DATA 110
000153  000147          DATA 103
000154  000145          DATA 101
000155  000040          DATA 32
000156  000143          DATA 99
000157  000141          DATA 97
000160  000164          DATA 116
000161  000056          DATA 46
000162  000040          DATA 32
000163  000103          DATA 67
000164  000150          DATA 104
000165  000145          DATA 101
000166  000145          DATA 101
000167  000164          DATA 116
000170  000141          DATA 97
000171  000150          DATA 104
000172  000163          DATA 115
000173  000040          DATA 32
000174  000162          DATA 114
000175  000165          DATA 117
000176  000156          DATA 110
000177  000056          DATA 46
000200  000040          DATA 32
000201  000107          DATA 71
000202  000145          DATA 101
000203  000145          DATA 101
000204  000163          DATA 115
000205  000145          DATA 101
000206  000040          DATA 32
000207  000146          DATA 102
000210  000154          DATA 108
000211  000171          DATA 121
000212  000056          DATA 46
000213  000040          DATA 32
000214  000106          DATA 70
000215  000151          DATA 105
000216  000163          DATA 115
000217  000150          DATA 104
000220  000040          DATA 32
000221  000163          DATA 115
000222  000167          DATA 119
000223  000151          DATA 105
000224  000155          DATA 109
000225  000056          DATA 46
000226  000040          DATA 32
000227  000104          DATA 68
000230  000157          DATA 111
000231  000147          DATA 103
000232  000163          DATA 115
000233  000040          DATA 32
000234  000145          DATA 101
000235  000141          DATA 97
000236  000164          DATA 116
000237  000040          DATA 32
000240  000164          DATA 116
000241  000162          DATA 114
000242  000145          DATA 101
000243  000141          DATA 97
000244  000164          DATA 116
000245  000163          DATA 115
000246  000056          DATA 46
000247  000040          DATA 32
000250  000123          DATA 83
000251  000153          DATA 107
000252  000171          DATA 121
000253  000040          DATA 32
000254  000151          DATA 105
000255  000163          DATA 115
000256  000040          DATA 32
000257  000142          DATA 98
000260  000154          DATA 108
000261  000165          DATA 117
000262  000145          DATA 101
000263  000056          DATA 46
000264  000000          DATA 0
