000006  102326
000007  026300
000010  000040
000011  000056
000012  000060
000013  000001
000014  000000
000015  000000
000016  000000
000017  000000
000020  000012
000021  000015
000022  000000
000023  000620
000024  001440
000025  000000
000026  000100
000027  000140
000030  000204
000031  000250
000032  000320
000033  000400
000034  000440
000035  000500
000100  102123
000101  142002
000102  020312
000103  004100
000104  104125
000105  002425
000106  014401
000107  004425
000110  102125
000111  026301
000112  004100
000113  102123
000114  002100
000115  020325
000116  144001
000117  104125
000120  002425
000121  014401
000122  004425
000123  102125
000124  026314
000125  002020
000126  144001
000127  102327
000130  026300
000140  102124
000141  146000
000142  020301
000143  142000
000144  020301
000145  002420
000146  164100
000147  025730
000150  002421
000151  164100
000152  025730
000153  002410
000154  164100
000155  025730
000156  004100
000157  104125
000160  002425
000161  014401
000162  004425
000163  102125
000164  146000
000165  020324
000166  142000
000167  026305
000170  002022
000171  004100
000172  002013
000173  004014
000174  004015
000175  102123
000176  102330
000177  026300
000204  002100
000205  020322
000206  002410
000207  164100
000210  025724
000211  002411
000212  164100
000213  025726
000214  002420
000215  164100
000216  025724
000217  002421
000220  164100
000221  025724
000222  104116
000223  102224
000224  102331
000225  026300
000226  102332
000227  026300
000230  102332
000231  026323
000232  102332
000233  026335
000250  002200
000251  020322
000252  002500
000253  164100
000254  025707
000255  102335
000256  026300
000257  104125
000260  002425
000261  014401
000262  004425
000263  102125
000264  104217
000265  002017
000266  014001
000267  004017
000270  102217
000271  026300
000272  102333
000273  026300
000320  102224
000321  002200
000322  020312
000323  144001
000324  104217
000325  002017
000326  014001
000327  004017
000330  102217
000331  026301
000332  002010
000333  144001
000334  002012
000335  144001
000336  002010
000337  144001
000340  002012
000341  144001
000342  000000
000343  002015
000344  014001
000345  004015
000346  104116
000347  002016
000350  014001
000351  004016
000352  102116
000353  102330
000354  026300
000355  002014
000356  014001
000357  004014
000360  002013
000361  004015
000362  104116
000363  002016
000364  014001
000365  004016
000366  102116
000367  104116
000370  002016
000371  014001
000372  004016
000373  102116
000374  102330
000375  026300
000400  002100
000401  020320
000402  002410
000403  164100
000404  025720
000405  002411
000406  164100
000407  025720
000410  002420
000411  164100
000412  025720
000413  002421
000414  164100
000415  025720
000416  102335
000417  026300
000420  102334
000421  026300
000440  102224
000441  002200
000442  020312
000443  144001
000444  104217
000445  002017
000446  014001
000447  004017
000450  102217
000451  026301
000452  002010
000453  144001
000454  002014
000455  010012
000456  144001
000457  002010
000460  144001
000461  002015
000462  010012
000463  144001
000464  000000
000500  102116
000501  002100
000502  020335
000503  002410
000504  164100
000505  025725
000506  002411
000507  164100
000510  025737
000511  002420
000512  164100
000513  025725
000514  002421
000515  164100
000516  025725
000517  104116
000520  002016
000521  014001
000522  004016
000523  102116
000524  026301
000525  002015
000526  014001
000527  004015
000530  104116
000531  002016
000532  014001
000533  004016
000534  102116
000535  102330
000536  026300
000537  002014
000540  014001
000541  004014
000542  002013
000543  004015
000544  104116
000545  002016
000546  014001
000547  004016
000550  102116
000551  104116
000552  002016
000553  014001
000554  004016
000555  102116
000556  102330
000557  026300
000620  000000
000670  000000
